9.889502762430938398e-01 9.692307692307692291e-01 9.639639639639638879e-01 9.964412811387900470e-01 9.763033175355450011e-01
9.902912621359222234e-01 9.770992366412214469e-01 9.459459459459459429e-01 9.964412811387900470e-01 9.626168224299064269e-01
9.874826147426981615e-01 9.770992366412214469e-01 9.406392694063926418e-01 9.946524064171122781e-01 9.668246445497629127e-01
9.916201117318436120e-01 9.612403100775193110e-01 9.166666666666666297e-01 9.910554561717352939e-01 9.514563106796115610e-01
9.860335195530725017e-01 9.448818897637796255e-01 8.899521531100477167e-01 9.745454545454544926e-01 9.145728643216080034e-01
9.831932773109243184e-01 9.032258064516129892e-01 9.116279069767442289e-01 9.764918625678119524e-01 8.923076923076922462e-01
9.874826147426981615e-01 9.120000000000000329e-01 9.065420560747663448e-01 9.764918625678119524e-01 8.832487309644670992e-01
9.831932773109243184e-01 8.548387096774193727e-01 8.732394366197182567e-01 9.633699633699633891e-01 8.556701030927835738e-01
9.760225669957687256e-01 8.799999999999998934e-01 8.440366972477063578e-01 9.576427255985267006e-01 8.376963350785340268e-01
9.760900140646976419e-01 8.548387096774193727e-01 8.380952380952381153e-01 9.502762430939225569e-01 8.124999999999998890e-01
9.760900140646976419e-01 8.319999999999999618e-01 7.941176470588235947e-01 9.520295202952030467e-01 8.105263157894736503e-01
9.846153846153845590e-01 7.968749999999998890e-01 7.961165048543690226e-01 9.479553903345724342e-01 8.163265306122449161e-01
9.774647887323942852e-01 7.680000000000000160e-01 7.766990291262134694e-01 9.459962756052141541e-01 8.062827225130890785e-01
9.715909090909090606e-01 7.368421052631577428e-01 7.582938388625591886e-01 9.360902255639098613e-01 7.668393782383419177e-01
9.673758865248226479e-01 7.111111111111111382e-01 7.307692307692308376e-01 9.442379182156134254e-01 7.500000000000000000e-01
9.553956834532374431e-01 6.715328467153284242e-01 7.417840375586854940e-01 9.280303030303029832e-01 7.128712871287129493e-01
9.522431259044861207e-01 6.388888888888888395e-01 6.696832579185519885e-01 9.118773946360152483e-01 6.990291262135921446e-01
9.444444444444444198e-01 6.569343065693431516e-01 6.759259259259258190e-01 9.139579349904397576e-01 7.058823529411764053e-01
9.399707174231333173e-01 6.486486486486486847e-01 6.339285714285713969e-01 9.153846153846153522e-01 6.481481481481481399e-01
9.168975069252077725e-01 5.853658536585366612e-01 5.877192982456140857e-01 8.941176470588235725e-01 5.844748858447489370e-01
