9.670329670329670391e-01 9.032258064516128782e-01 9.545454545454544748e-01 9.929078014184397061e-01 9.729729729729730270e-01
9.693251533742330839e-01 1.000000000000000000e+00 9.538461538461538991e-01 9.919999999999998819e-01 9.743589743589743390e-01
9.894736842105263941e-01 1.000000000000000000e+00 1.000000000000000000e+00 1.000000000000000000e+00 9.836065573770491621e-01
9.946524064171122781e-01 1.000000000000000000e+00 9.655172413793103869e-01 1.000000000000000000e+00 1.000000000000000000e+00
1.000000000000000000e+00 1.000000000000000000e+00 9.811320754716981174e-01 1.000000000000000000e+00 1.000000000000000000e+00
1.000000000000000000e+00 1.000000000000000000e+00 9.841269841269840724e-01 1.000000000000000000e+00 1.000000000000000000e+00
1.000000000000000000e+00 1.000000000000000000e+00 1.000000000000000000e+00 1.000000000000000000e+00 1.000000000000000000e+00
1.000000000000000000e+00 1.000000000000000000e+00 1.000000000000000000e+00 1.000000000000000000e+00 9.824561403508771384e-01
9.944134078212291117e-01 1.000000000000000000e+00 9.803921568627450567e-01 9.930069930069930217e-01 1.000000000000000000e+00
1.000000000000000000e+00 1.000000000000000000e+00 1.000000000000000000e+00 1.000000000000000000e+00 9.803921568627450567e-01
