6.966292134831459926e-01 4.347826086956521618e-01 4.102564102564102422e-01 7.299270072992700698e-01 4.444444444444444198e-01
6.459627329192546563e-01 3.846153846153845812e-01 5.185185185185184897e-01 8.031496062992126150e-01 5.128205128205128860e-01
6.850828729281768226e-01 4.571428571428571841e-01 2.777777777777777901e-01 7.704918032786884918e-01 4.651162790697673799e-01
7.845303867403313758e-01 6.086956521739129711e-01 3.846153846153845812e-01 8.289473684210526550e-01 7.096774193548387455e-01
8.361581920903955467e-01 8.181818181818182323e-01 6.666666666666667407e-01 8.888888888888888395e-01 7.659574468085107446e-01
8.804347826086956763e-01 7.777777777777777901e-01 7.500000000000000000e-01 9.064748201438849184e-01 8.518518518518518601e-01
6.666666666666666297e-01 6.428571428571429047e-01 4.705882352941176405e-01 7.703703703703703720e-01 5.714285714285715079e-01
7.325581395348838010e-01 5.217391304347825942e-01 5.660377358490565891e-01 8.142857142857141683e-01 6.363636363636363535e-01
8.156424581005586871e-01 8.387096774193548709e-01 4.500000000000000111e-01 7.878787878787877341e-01 7.600000000000000089e-01
9.199999999999999289e-01 7.692307692307691624e-01 7.222222222222223209e-01 9.154929577464787638e-01 8.571428571428572063e-01
